7079.6000
7085.0000
7090.0000
7094.8000
7100.0000
7104.9000
7109.9000
7111.0000
7112.0000
7113.0000
7113.9000
7115.0000
7116.0000
7117.0000
7118.0000
7119.0000
7119.9000
7120.9000
7122.0000
7122.9000
7124.0000
7125.0000
7125.9000
7127.0000
7128.0000
7129.0000
7130.0000
7130.9000
7132.0000
7133.0000
7134.0000
7135.0000
7135.9000
7137.0000
7138.0000
7138.9000
7140.0000
7141.0000
7142.0000
7143.0000
7143.9000
7145.0000
7146.0000
7147.0000
7148.0000
7149.0000
7150.0000
7151.0000
7152.0000
7152.9000
7153.9000
7155.0000
7155.9000
7157.0000
7158.0000
7158.9000
7160.0000
7161.0000
7162.0000
7163.0000
7164.0000
7164.9000
7166.0000
7167.0000
7167.9000
7169.0000
7169.6000
7175.0000
7179.7000
7184.6000
7190.0000
7194.7000
7200.0000
